[gd_scene load_steps=2 format=3 uid="uid://dgq1wxnqgn8n6"]

[ext_resource type="PackedScene" uid="uid://dhb4x3k4oiew2" path="res://RobotHead.glb" id="1_7gmju"]

[node name="RobotHead" instance=ExtResource("1_7gmju")]

[node name="Skeleton3D" parent="Armature" index="0"]
bones/7/rotation = Quaternion(-0.684842, -0.17604305, -0.17604285, 0.68484247)
bones/8/rotation = Quaternion(-0.0006206143, -0.0009800026, 0.24973182, 0.9683144)
bones/12/rotation = Quaternion(-0.000793407, 0.99999905, 0.0008451328, 0.00079341285)
bones/13/rotation = Quaternion(-0.4211794, 0.7709325, -0.23047599, -0.41851166)

[node name="foot_l" parent="Armature/Skeleton3D" index="3"]
transform = Transform3D(0.2882997, 0.84145266, 0.45699078, 0.45688874, -0.54030687, 0.70662653, 0.8415081, 0.0050736354, -0.54022056, 1.0095907, -3.8084483, -1.4103789)

[node name="lowerleg_l" parent="Armature/Skeleton3D" index="4"]
transform = Transform3D(0.9999975, -0.0015881651, -0.0015910007, -0.0015908469, -0.9999973, -0.0016882176, -0.001588312, 0.0016907228, -0.9999973, 1.0127175, -1.8396742, -1.4137075)

[node name="upperleg_l" parent="Armature/Skeleton3D" index="5"]
transform = Transform3D(0.8760355, 0.48224658, -3.8743016e-07, 0.48224664, -0.87603563, 6.314367e-07, -2.1790907e-08, -7.570061e-07, -1, 5.3537253e-08, 1.1854052e-07, -1.413706)

[node name="foot_r" parent="Armature/Skeleton3D" index="6"]
transform = Transform3D(0.29696706, 0.8414527, 0.45140624, 0.45459884, -0.540307, 0.70810235, 0.8397321, -0.005074306, -0.54297644, -0.003126775, -4.068774, 1.3103781)

[node name="lowerleg_r" parent="Armature/Skeleton3D" index="7"]
transform = Transform3D(-0.9999974, -0.0015881584, 0.0015856191, 0.0015854797, -0.9999977, -0.0016921542, 0.0015882722, -0.0016895543, 0.9999971, -4.6863285e-08, -2.1000001, 1.3137045)
