[gd_scene load_steps=2 format=3 uid="uid://dgq1wxnqgn8n6"]

[ext_resource type="PackedScene" uid="uid://dhb4x3k4oiew2" path="res://RobotHead.glb" id="1_7gmju"]

[node name="RobotHead" instance=ExtResource("1_7gmju")]

[node name="Skeleton3D" parent="Armature" index="0"]
bones/1/rotation = Quaternion(0.008557013, 3.3113082e-08, -0.058445886, 0.998254)
bones/3/rotation = Quaternion(-0.5529159, -0.0726066, 0.053663418, 0.82833123)
bones/7/rotation = Quaternion(-0.6676975, -0.2327658, -0.23276556, 0.66769785)
bones/8/rotation = Quaternion(-0.0005363652, -0.0010284635, 0.32993066, 0.9440045)
bones/12/rotation = Quaternion(-0.0007934069, 0.999999, 0.0008451328, 0.00079341297)
bones/13/rotation = Quaternion(-0.4211794, 0.7709325, -0.23047599, -0.41851166)

[node name="head" parent="Armature/Skeleton3D" index="0"]
transform = Transform3D(0.99304944, -6.519258e-09, 0.117698245, 9.615178e-09, 1, 2.9802322e-08, -0.117698245, -2.7939677e-08, 0.9930494, -0.4999999, 4.211738, -0.013705869)

[node name="arm_l" parent="Armature/Skeleton3D" index="1"]
transform = Transform3D(0.9987937, 0.034794755, 0.034648128, 0.0346482, -0.99938804, 0.00482285, 0.034794815, -0.003616482, -0.99938786, 0.23390326, 2.9335043, -3.1142411)

[node name="foot_l" parent="Armature/Skeleton3D" index="3"]
transform = Transform3D(0.28829983, 0.84145236, 0.45699105, 0.45688862, -0.54030716, 0.7066263, 0.84150803, 0.0050736964, -0.5402206, 1.3023754, -3.6136627, -1.4103786)

[node name="lowerleg_l" parent="Armature/Skeleton3D" index="4"]
transform = Transform3D(0.99999744, -0.0015885822, -0.0015909704, -0.0015912346, -0.99999726, -0.0016882669, -0.0015882945, 0.0016908089, -0.9999973, 1.305503, -1.6448888, -1.4137074)

[node name="upperleg_l" parent="Armature/Skeleton3D" index="5"]
transform = Transform3D(0.7832806, 0.6216683, -4.6193594e-07, 0.6216684, -0.7832806, 5.122274e-07, -6.068451e-08, -6.830465e-07, -1, 5.3537253e-08, 1.1854052e-07, -1.413706)

[node name="foot_r" parent="Armature/Skeleton3D" index="6"]
transform = Transform3D(0.29696706, 0.8414527, 0.45140624, 0.45459884, -0.540307, 0.70810235, 0.8397321, -0.0050743064, -0.54297644, -0.003126775, -4.068774, 1.3103781)

[node name="lowerleg_r" parent="Armature/Skeleton3D" index="7"]
transform = Transform3D(-0.9999974, -0.0015881584, 0.0015856194, 0.0015854797, -0.9999977, -0.0016921543, 0.0015882725, -0.0016895544, 0.9999971, -4.6863285e-08, -2.1000001, 1.3137045)
